1	866	8315
2	3293	20395
3	2480	19051
4	2804	23729
5       2584	21505
6	4952	27734
7      =5000    25730
8       3014    14456
9      *5000    30981
10              30837
1               19356
2               22049
3               21862
4               35825
5               20508
6               26022
7               24189
8               25449
9               24438
20              27770
1               25591
2               19908
3               24312
4               26753